# Use time synchronized raw image data: 03/26/2022
# Not mapped timestamp

cam0:
  cam_overlaps: [1]
  camera_model: pinhole
  distortion_coeffs: [-0.3321732153896566, 0.13475397518672075, -0.0003077119221969184,
    -0.00014760051894487734]
  distortion_model: radtan
  intrinsics: [1370.5174092352004, 1369.263360532873, 810.5023276788323, 611.8479881435878]
  resolution: [1616, 1240]
  rostopic: /rov/sensors/stereo/left/image_numbered/image_raw_sync
cam1:
  T_cn_cnm1:
  - [0.9999832157940602, 0.004934786297015445, 0.0030357889209994605, 0.07949590631829202]
  - [-0.004940412718367218, 0.9999860872831595, 0.0018486650019959392, -0.001173312099625676]
  - [-0.003026623918208193, -0.001863632023817416, 0.9999936831917178, -0.00014641794282905214]
  - [0.0, 0.0, 0.0, 1.0]
  cam_overlaps: [0]
  camera_model: pinhole
  distortion_coeffs: [-0.3366476428116123, 0.14867082880537832, -0.000295873217971454,
    -8.13189802934756e-05]
  distortion_model: radtan
  intrinsics: [1370.6800150806264, 1370.4062284575236, 814.1283435684336, 608.160063802583]
  resolution: [1616, 1240]
  rostopic: /rov/sensors/stereo/right/image_numbered/image_raw_sync