# collect sensor_msgs/CompressedImage then decompress to sensor_msgs/Image to do calibration
cam0:
  cam_overlaps: [1]
  camera_model: pinhole
  distortion_coeffs: [-0.3352817921990125, 0.14104927301597872, -0.0007210633171553377,
    -0.00032715268767953613]
  distortion_model: radtan
  intrinsics: [1369.116784761009, 1368.4408514501083, 808.7406303246698, 620.3305937534344]
  resolution: [1616, 1240]
  rostopic: /rov/sensors/stereo/left/image_decompressed
cam1:
  T_cn_cnm1:
  - [0.9999855391661413, 0.003494851655721802, -0.004087477278852761, 0.07931133771395357]
  - [-0.0034871782841654673, 0.9999921470868088, 0.00188291059996534, -0.0009070043568538431]
  - [0.004094025673476387, -0.0018686296095041489, 0.9999898735373106, 0.0002663456962428519]
  - [0.0, 0.0, 0.0, 1.0]
  cam_overlaps: [0]
  camera_model: pinhole
  distortion_coeffs: [-0.33481309953528965, 0.14286781360099887, -0.0005321064881089663,
    -8.96731600981599e-05]
  distortion_model: radtan
  intrinsics: [1369.7017187790505, 1369.6206801121125, 810.8800453511235, 614.6826467473919]
  resolution: [1616, 1240]
  rostopic: /rov/sensors/stereo/right/image_decompressed
