<?xml version="1.0"?>

<opencv_storage>
<images> 
    "/home/soslab/Desktop/selected/1617038317991469155.png"
    "/home/soslab/Desktop/selected/1617038322733827254.png"
    "/home/soslab/Desktop/selected/1617038329972456840.png"
    "/home/soslab/Desktop/selected/1617038334215170127.png"
    "/home/soslab/Desktop/selected/1617038336711236808.png"
    "/home/soslab/Desktop/selected/1617038343207026526.png"
    "/home/soslab/Desktop/selected/1617038345947153404.png"
    "/home/soslab/Desktop/selected/1617038355183030283.png"
    "/home/soslab/Desktop/selected/1617038356930306723.png"
    "/home/soslab/Desktop/selected/1617038360924034931.png"
    "/home/soslab/Desktop/selected/1617038363419622678.png"
    "/home/soslab/Desktop/selected/1617038365915993668.png"
    "/home/soslab/Desktop/selected/1617038375650507307.png"
    "/home/soslab/Desktop/selected/1617038384388189499.png"
    "/home/soslab/Desktop/selected/1617038396869101968.png"
    "/home/soslab/Desktop/selected/161703841390402438.png"
    "/home/soslab/Desktop/selected/1617038416340742458.png"
    "/home/soslab/Desktop/selected/1617038421332549115.png"
    "/home/soslab/Desktop/selected/161703843064846929.png"
    "/home/soslab/Desktop/selected/161703843160248822.png"
    "/home/soslab/Desktop/selected/1617038440289303450.png"
    "/home/soslab/Desktop/selected/161703844147498467.png"
    "/home/soslab/Desktop/selected/161703844935896765.png"
    "/home/soslab/Desktop/selected/1617038450530190848.png"
    "/home/soslab/Desktop/selected/161703845529762162.png"
    "/home/soslab/Desktop/selected/1617038458270847195.png"
    "/home/soslab/Desktop/selected/16170384647695178.png"
    "/home/soslab/Desktop/selected/1617038475740139126.png"
    "/home/soslab/Desktop/selected/1617038517673618045.png"
</images>
</opencv_storage>

