<?xml version="1.0"?>
<opencv_storage>
<calibration_Time>"Tue 15 Mar 2022 12:59:40 AM UTC"</calibration_Time>
<nrOfFrames>29</nrOfFrames>
<image_Width>1616</image_Width>
<image_Height>1240</image_Height>
<board_Width>10</board_Width>
<board_Height>7</board_Height>
<square_Size>36.</square_Size>
<flagValue>0</flagValue>
<Camera_Matrix type_id="opencv-matrix">
  <rows>3</rows>
  <cols>3</cols>
  <dt>d</dt>
  <data>
    1.3832622132290533e+03 0. 8.0922992198995655e+02 0.
    1.3822264027326410e+03 6.1424838568366647e+02 0. 0. 1.</data></Camera_Matrix>
<Distortion_Coefficients type_id="opencv-matrix">
  <rows>5</rows>
  <cols>1</cols>
  <dt>d</dt>
  <data>
    -3.5414249584560920e-01 2.4596796550116543e-01
    -3.9347471147882642e-04 -2.6573597903699543e-04
    -1.6016421549171231e-01</data></Distortion_Coefficients>
<Avg_Reprojection_Error>1.3558433681860996e-01</Avg_Reprojection_Error>
<Per_View_Reprojection_Errors type_id="opencv-matrix">
  <rows>29</rows>
  <cols>1</cols>
  <dt>f</dt>
  <data>
    9.14102048e-02 1.53253764e-01 1.60134852e-01 1.53036326e-01
    1.26676157e-01 1.26691759e-01 1.61577612e-01 1.15758054e-01
    1.42175794e-01 1.41800135e-01 1.53522998e-01 1.47635922e-01
    1.30267844e-01 2.02900410e-01 9.59928930e-02 1.44137517e-01
    1.29826471e-01 1.32966176e-01 1.32315904e-01 9.67527255e-02
    1.03974819e-01 1.18698739e-01 1.26876816e-01 1.03339188e-01
    1.51884422e-01 1.12108991e-01 1.09860055e-01 1.43677831e-01
    1.59228891e-01</data></Per_View_Reprojection_Errors>
<!-- a set of 6-tuples (rotation vector + translation vector) for each view -->
<Extrinsic_Parameters type_id="opencv-matrix">
  <rows>29</rows>
  <cols>6</cols>
  <dt>d</dt>
  <data>
    5.7450335329897592e-03 8.8697454794762522e-03
    -1.5431853660764654e+00 -1.4146351099848005e+02
    2.3889260758623121e+02 6.6109299011167002e+02 1.4205393878567384e-02
    -1.0832551871697292e-02 -1.3652617692303295e+00
    -1.3373447663929940e+02 1.3373624336918164e+02
    5.2029514380336923e+02 -4.4481890406332512e-02
    1.3042427550760526e-02 -1.4406765788744849e+00
    -2.7524581133700156e+02 1.6397826349663151e+02
    5.5904681264913040e+02 5.4156650204852864e-02
    -5.0348997201535441e-02 -1.6220857995472908e+00
    -2.2361515962355244e+02 1.9579802816348354e+02
    5.1589781154179116e+02 6.7036792047872870e-02
    -1.3882174633031338e-01 -2.9425165389480208e+00
    1.7332519777096698e+02 2.0131412498808575e+02 5.9204297591122429e+02
    -1.0023104688572114e-01 -3.6952284040868186e-02
    -2.9414317923883417e+00 3.2064298416449208e+00
    1.8802269022559696e+02 5.5229533234923406e+02
    -1.4450718012441729e-01 -2.0261874978701544e-01
    -2.8567646643388436e+00 -3.5330391101900432e+01
    1.0637316170536741e+02 5.8478684611049550e+02
    -3.4063495564693230e-01 -3.8534365878512478e-01
    -1.2745431903907409e+00 -5.8024987587255467e+01
    1.0477680868306024e+02 8.2445273812398955e+02
    -4.8056285082664402e-01 -4.0599363435323688e-01
    -1.2872743390689505e+00 -4.4751845328296184e+01
    -5.3974765340862135e+01 8.4434162308404450e+02
    -3.7669353081079832e-01 -3.0220502683357703e-01
    -1.3638829711953553e+00 -7.6006429399828846e+01
    -1.3953331148919690e+02 8.6017427903626697e+02
    -3.4582757932080843e-01 -2.4208164956594505e-01
    -1.5411686563120690e+00 -2.3796826384160639e+02
    -7.0271455456987439e+01 7.8834444486851021e+02
    -4.5899694667876179e-01 -1.6174584705987036e-01
    -1.5555062395926211e+00 -3.9842808143271276e+02
    -4.4502512420859603e+01 8.0297732247151146e+02
    -3.1737453574482877e-01 6.1647052369205819e-02
    3.6270154547785510e-02 -6.3551093218080695e+01
    -1.1487783005214096e+02 8.4566748216249096e+02
    -2.5348127262751607e-01 2.5598295008787575e-01
    -3.7956775603680970e-01 -4.4314089482130441e+02
    -2.0144434617156598e+01 7.8724200174580699e+02
    -1.4409280968045482e-01 -9.3925958252907976e-03
    -1.2965596717717309e+00 2.9266516804182913e+01
    3.3213414979471466e+01 8.9907911048322353e+02
    -4.8657947868080936e-01 -1.0394911676557270e-02
    -2.3789770826882167e-01 -3.4400556687050674e+01
    -4.0991155730036974e+02 1.1147702009366171e+03
    -3.9653331441229434e-01 -1.1998932020485314e-01
    -6.3473489421739571e-01 -3.8676348610798107e+02
    -2.1287967839302769e+02 9.6470053300474785e+02
    -4.5908252101978886e-01 -4.7327920202814500e-01
    -1.4025675834472209e+00 -6.2178733568685843e+01
    2.2290663314980793e+02 7.9589354736220912e+02 8.9054318434733069e-03
    -3.6888234515741636e-01 -1.2342825565489333e+00
    6.7397088637619092e+01 1.9540041488649496e+02 7.9221645158436729e+02
    -1.2630360476727630e-02 -1.8742294741826118e-01
    -1.0329553043606978e+00 -3.7383325514474677e+01
    1.4681805663378904e+02 8.1254378973685823e+02
    -6.2548709302603284e-02 1.5559184745897334e-01
    -5.0100592996133630e-01 -2.1362234107052379e+02
    -1.4711039073016244e+02 8.9994191869070949e+02
    -1.0638093509274772e-01 1.2357340981989183e-01
    -2.7150423736058943e-01 -1.0981442181438265e+02
    -1.8691887777151342e+02 9.0294059793479494e+02
    -3.5402304454471611e-01 -4.9474952956008150e-01
    -4.3711588767708381e-01 -2.1447345221050861e+02
    3.1619961229065318e+01 8.3184274166309945e+02
    -2.8412653683437900e-01 -4.3554116153160860e-01
    -7.9194055828616117e-01 -2.9020597723152116e+02
    4.8951092261952368e+01 7.6200942508385992e+02 1.6345732895319823e-01
    1.7113499626264259e-01 -1.1640116424088476e+00
    -3.8850911203411073e+02 1.6066646073071763e+02
    7.5233494770368134e+02 9.1140932398005598e-03 7.9709515148396345e-02
    -1.1053510406861820e+00 -3.5387745091771444e+02
    -8.1282121915129331e+00 7.5280211252235586e+02
    2.2242467334592611e-01 -1.7225554049559627e-01
    -7.7387808854058249e-01 -1.2922070576307229e+02
    5.2223395551646760e+01 7.0287064981363096e+02 2.0660385215777374e-01
    -2.4997263283671686e-02 1.9752758343535796e-02
    -1.8446281399828862e+02 1.4388610359036454e+01
    6.7301792682087478e+02 -1.9673837038505926e-01
    -4.7051822657912712e-01 -1.1727279576415561e+00
    6.7756767436305452e+01 1.3708962505646394e+02 7.3769123180403597e+02</data></Extrinsic_Parameters>
