<!-- Too dark, only a few are deteced good feature -->

<?xml version="1.0"?>
<opencv_storage>
<calibration_Time>"Wed 16 Mar 2022 12:08:55 AM UTC"</calibration_Time>
<nrOfFrames>10</nrOfFrames>
<image_Width>1616</image_Width>
<image_Height>1240</image_Height>
<board_Width>10</board_Width>
<board_Height>7</board_Height>
<square_Size>36.</square_Size>
<flagValue>0</flagValue>
<Camera_Matrix type_id="opencv-matrix">
  <rows>3</rows>
  <cols>3</cols>
  <dt>d</dt>
  <data>
    1.8530785572157749e+03 0. 8.2243516779843151e+02 0.
    1.8537934354675972e+03 6.0367566366673816e+02 0. 0. 1.</data></Camera_Matrix>
<Distortion_Coefficients type_id="opencv-matrix">
  <rows>5</rows>
  <cols>1</cols>
  <dt>d</dt>
  <data>
    -2.3903991764970245e-01 3.1113637039364839e-01
    -1.3959071691037673e-03 2.3416774527727884e-03
    -1.5395099962697933e-01</data></Distortion_Coefficients>
<Avg_Reprojection_Error>1.3860878149489861e-01</Avg_Reprojection_Error>
<Per_View_Reprojection_Errors type_id="opencv-matrix">
  <rows>10</rows>
  <cols>1</cols>
  <dt>f</dt>
  <data>
    1.21611953e-01 1.20433487e-01 1.33521780e-01 1.57144859e-01
    1.56335726e-01 1.45763040e-01 9.42565575e-02 1.63333789e-01
    1.41447574e-01 1.38022870e-01</data></Per_View_Reprojection_Errors>
<!-- a set of 6-tuples (rotation vector + translation vector) for each view -->
<Extrinsic_Parameters type_id="opencv-matrix">
  <rows>10</rows>
  <cols>6</cols>
  <dt>d</dt>
  <data>
    -1.1309926757496125e-01 3.6836461051208180e-01
    -1.8669348526273462e+00 1.0365766132464285e+02
    2.9411028342672552e+02 1.6145832219104825e+03 7.2650567667950194e-02
    3.7604677195742436e-01 -1.4522194988793766e+00
    1.2707534697220696e+02 1.8727198880170468e+02 1.6904674728493083e+03
    -2.4934720703641215e-02 -4.0756798647669673e-01
    4.9040464883287410e-01 1.7255118045623288e+02
    -2.8401647302342866e+02 1.5631933367996774e+03
    -1.3627614642117009e-01 -4.3478980113983190e-01
    -2.4339867292663228e-01 -3.1554825887153982e+02
    2.0824451782973810e+02 1.4394120199779090e+03
    -3.4303366338766322e-01 -4.0748465695068509e-01
    -1.1280991571933281e-01 -2.4192995011527535e+02
    5.0406658470179888e+00 1.6073411501574321e+03
    -2.8372526066577364e-01 -5.7461686119051969e-01
    1.4896761837174238e-01 2.1351377853068376e+00
    -1.2998328467954806e+02 1.5766608696041183e+03
    -1.7810178667111284e-01 -1.6613929867329466e-01
    -2.7286280699057663e-01 -8.9829661284607312e+01
    1.0599062653289604e+02 1.5147977429464852e+03
    -3.7837382109374140e-01 -1.0972760698394411e-01
    1.5892008932889135e+00 2.6537132849487176e+02
    -1.8565708625650186e+02 1.7318921965885427e+03
    -9.4918340503260187e-02 -4.2499011128936082e-01
    1.5707907035742634e+00 2.9878615617974958e+02 2.3516566027190400e+01
    1.3129366011094367e+03 -3.8650586184250341e-01
    -2.2095737995126080e-01 1.2082533818645469e+00
    -3.8679575021016213e+00 -4.4329971342827939e+01
    1.5168449721347865e+03</data></Extrinsic_Parameters>
<Image_points type_id="opencv-matrix">
  <rows>10</rows>
  <cols>70</cols>
  <dt>"2f"</dt>
  <data>
    9.40629700e+02 9.38327637e+02 9.27715515e+02 9.01133179e+02
    9.14674866e+02 8.63289185e+02 9.01533630e+02 8.25564148e+02
    8.88303040e+02 7.87191162e+02 8.74929443e+02 7.48656494e+02
    8.61432007e+02 7.09694641e+02 8.48035217e+02 6.70566284e+02
    8.34344055e+02 6.31143982e+02 8.20641724e+02 5.91471863e+02
    9.78807495e+02 9.29067017e+02 9.65994995e+02 8.91317383e+02
    9.53088013e+02 8.53543457e+02 9.39958740e+02 8.15305481e+02
    9.26778564e+02 7.76703857e+02 9.13527954e+02 7.37733826e+02
    9.00061646e+02 6.98657166e+02 8.86588562e+02 6.59213562e+02
    8.73068115e+02 6.19384888e+02 8.59336853e+02 5.79555176e+02
    1.01768359e+03 9.19454712e+02 1.00491711e+03 8.81641907e+02
    9.92084229e+02 8.43424927e+02 9.79107971e+02 8.04909302e+02
    9.65881226e+02 7.66108276e+02 9.52561951e+02 7.26740173e+02
    9.39236328e+02 6.87416321e+02 9.25630249e+02 6.47504639e+02
    9.12143738e+02 6.07594543e+02 8.98466797e+02 5.67320862e+02
    1.05667346e+03 9.09816040e+02 1.04425537e+03 8.71729614e+02
    1.03146033e+03 8.33273254e+02 1.01855676e+03 7.94444763e+02
    1.00543182e+03 7.55262512e+02 9.92122437e+02 7.15653442e+02
    9.78820862e+02 6.75795532e+02 9.65364258e+02 6.35886230e+02
    9.51807068e+02 5.95497803e+02 9.38164490e+02 5.55091736e+02
    1.09648560e+03 8.99885132e+02 1.08397803e+03 8.61733765e+02
    1.07128809e+03 8.22946350e+02 1.05843323e+03 7.83673889e+02
    1.04551794e+03 7.44294006e+02 1.03227905e+03 7.04358948e+02
    1.01899573e+03 6.64356140e+02 1.00557166e+03 6.23851685e+02
    9.92064941e+02 5.83370056e+02 9.78416077e+02 5.42474365e+02
    1.13667310e+03 8.89922913e+02 1.12422461e+03 8.51560669e+02
    1.11165808e+03 8.12357300e+02 1.09872546e+03 7.72866455e+02
    1.08584875e+03 7.32954590e+02 1.07284644e+03 6.93072815e+02
    1.05961829e+03 6.52537720e+02 1.04628296e+03 6.11908386e+02
    1.03276599e+03 5.70961426e+02 1.01911609e+03 5.29952332e+02
    1.17711938e+03 8.79931274e+02 1.16483997e+03 8.40819214e+02
    1.15227625e+03 8.01746399e+02 1.13973145e+03 7.61789429e+02
    1.12687585e+03 7.21988403e+02 1.11388989e+03 6.81245361e+02
    1.10064172e+03 6.40751221e+02 1.08744312e+03 5.99595642e+02
    1.07391357e+03 5.58541626e+02 1.06042273e+03 5.16978088e+02
    9.61375610e+02 8.08207031e+02 9.64870728e+02 7.71960938e+02
    9.68785400e+02 7.35083618e+02 9.72635254e+02 6.97688049e+02
    9.76605103e+02 6.59770203e+02 9.80416687e+02 6.21426270e+02
    9.84348694e+02 5.82479187e+02 9.88350037e+02 5.42999878e+02
    9.92246094e+02 5.03224579e+02 9.96259460e+02 4.62824036e+02
    1.00013806e+03 8.13745361e+02 1.00430200e+03 7.77534729e+02
    1.00829504e+03 7.40469055e+02 1.01248724e+03 7.03033325e+02
    1.01657684e+03 6.65114502e+02 1.02080591e+03 6.26540222e+02
    1.02508044e+03 5.87555786e+02 1.02921277e+03 5.48065674e+02
    1.03350366e+03 5.08099701e+02 1.03761853e+03 4.67732513e+02
    1.03947620e+03 8.19250854e+02 1.04360120e+03 7.82767883e+02
    1.04816174e+03 7.45841797e+02 1.05245850e+03 7.08480408e+02
    1.05687476e+03 6.70383850e+02 1.06142114e+03 6.31713806e+02
    1.06581177e+03 5.92720276e+02 1.07037476e+03 5.53165100e+02
    1.07472119e+03 5.13121582e+02 1.07939343e+03 4.72624237e+02
    1.07828625e+03 8.24796082e+02 1.08313440e+03 7.88363281e+02
    1.08771008e+03 7.51347595e+02 1.09252551e+03 7.13790344e+02
    1.09728577e+03 6.75678406e+02 1.10204932e+03 6.37058533e+02
    1.10680908e+03 5.97795227e+02 1.11160400e+03 5.58355347e+02
    1.11640820e+03 5.18137634e+02 1.12103052e+03 4.77605194e+02
    1.11793140e+03 8.30454590e+02 1.12269666e+03 7.93966248e+02
    1.12774792e+03 7.56895630e+02 1.13273059e+03 7.19274353e+02
    1.13779822e+03 6.81274048e+02 1.14280371e+03 6.42318970e+02
    1.14790796e+03 6.03146179e+02 1.15309595e+03 5.63490601e+02
    1.15793225e+03 5.23301147e+02 1.16309802e+03 4.82609985e+02
    1.15702344e+03 8.36187500e+02 1.16264172e+03 7.99536804e+02
    1.16780261e+03 7.62454407e+02 1.17317224e+03 7.24698608e+02
    1.17853369e+03 6.86489746e+02 1.18383118e+03 6.47705078e+02
    1.18918884e+03 6.08355469e+02 1.19437036e+03 5.68626953e+02
    1.19983252e+03 5.28394592e+02 1.20501953e+03 4.87652344e+02
    1.19688281e+03 8.41652283e+02 1.20247437e+03 8.04960938e+02
    1.20804651e+03 7.67858765e+02 1.21362708e+03 7.30222412e+02
    1.21923108e+03 6.91941895e+02 1.22484387e+03 6.52955139e+02
    1.23051025e+03 6.13674255e+02 1.23607434e+03 5.73793945e+02
    1.24163110e+03 5.33546753e+02 1.24729553e+03 4.92727448e+02
    1.02534180e+03 2.69663971e+02 1.05741199e+03 2.92119110e+02
    1.08871838e+03 3.14082092e+02 1.11949097e+03 3.35499756e+02
    1.14969006e+03 3.56863831e+02 1.17922522e+03 3.77725677e+02
    1.20848059e+03 3.98331787e+02 1.23674475e+03 4.18606079e+02
    1.26490479e+03 4.38430939e+02 1.29217114e+03 4.58162476e+02
    1.00690149e+03 3.05954437e+02 1.03918506e+03 3.28118927e+02
